.gW <-
structure(list(InstallRoot = "C:\\Program Files (x86)\\WinEdt Team\\WinEdt", 
    RWinEdtInstalled = TRUE, RWinEdtVersion = 202, ApplData = "C:\\Users\\Laura\\AppData\\Roaming\\WinEdt", 
    WinEdtVersion = 5), .Names = c("InstallRoot", "RWinEdtInstalled", 
"RWinEdtVersion", "ApplData", "WinEdtVersion"))
.Random.seed <-
c(403L, 451L, 1204540264L, -514675387L, -1558347147L, 258311966L, 
712267843L, -939339805L, 1399060761L, 1622596562L, 494211750L, 
1812400933L, 910894741L, 475363189L, 2133961216L, -112699227L, 
-1454593644L, 1558718886L, -1208956964L, 1295968818L, -56799751L, 
-196670442L, 2019199672L, -2066414528L, -979772988L, -1270737577L, 
-1947643711L, -1431887419L, 1740227807L, 327915657L, 997701720L, 
1111477284L, 57520238L, -406176100L, 1107960591L, 253973245L, 
1147318124L, -1164118866L, 1325748972L, -1789729779L, 1982929140L, 
-74788226L, -93269196L, -57751538L, -1023007850L, -1188455586L, 
1751615969L, 698978434L, 1394833909L, 106958528L, 1396090400L, 
-2063721191L, 2038504594L, -484575560L, 50342188L, 1997805686L, 
1607620318L, 984400677L, 945166202L, -1531338382L, 431083967L, 
-1124404258L, 1059819249L, -1474825656L, 2098870162L, 794817863L, 
-2022520760L, 392519331L, -1256430451L, -2008966250L, 1733796389L, 
-1460382640L, 4930696L, 531322336L, -618156545L, 866416573L, 
1892136874L, -1276116166L, 173779366L, -84231514L, -1594148207L, 
-118720758L, -757622920L, 1731293260L, 1691357340L, 454843914L, 
830753104L, -1988180061L, 737329918L, -1975204661L, 709352286L, 
-1686490730L, 924799250L, -1250396227L, 227966855L, -1154385768L, 
-1872794947L, -801701458L, 85999152L, 1942814284L, 1403356791L, 
42620588L, -1432981594L, -1029213319L, 678315850L, -1152774253L, 
-1264800178L, 2085779992L, 791542417L, 206032977L, 1822179921L, 
-57877895L, -483929054L, 23821776L, 1705311139L, -1405230019L, 
-1844463446L, -283336765L, -375587934L, 238921893L, 1538327162L, 
-1688969787L, 1444967334L, 911690645L, 1944856574L, 2066470939L, 
-1082372562L, -271075676L, -1221074214L, 441864763L, -1435635717L, 
-1369066040L, -735067995L, 409204976L, -698399458L, 2060450561L, 
526932916L, -967209127L, -596000041L, 1438843431L, -1763890986L, 
-105782997L, -956209101L, 1412063257L, 285622441L, -297473141L, 
-975938531L, 1288598083L, 1753297222L, 1570236707L, -1311914700L, 
-1003669914L, -1290408959L, 1293174284L, 1419652307L, -1462681951L, 
-1218792544L, -1077381308L, -2096103197L, 1782140982L, 1290054417L, 
-1571221362L, -319644788L, 1086406011L, -494223687L, -1046125973L, 
1353079785L, 1672078961L, -2029893737L, -1312550560L, 107836158L, 
-1464707575L, -569287408L, -1834696748L, -1590163056L, -63199201L, 
-437971074L, 1450636097L, 171998501L, -1482733910L, -362551739L, 
2004235448L, -2016847644L, -1758720155L, 1513791458L, -53701133L, 
226240515L, 2075982386L, 862708830L, 381590495L, 1697200480L, 
-204589116L, 524849444L, -1884068082L, -2131843008L, 1021025714L, 
1408832777L, 1515226755L, -2140865420L, -787247534L, 1070005502L, 
-1587273709L, 284839018L, 1366563934L, 1262617511L, 1877596134L, 
-986698013L, -1388623786L, 1249501753L, 1922727155L, -1190176131L, 
127955592L, -1442558960L, -1920817496L, -1415036655L, 1042647132L, 
-2131199858L, 1583478426L, -815181137L, -49372640L, 1483776638L, 
-209009674L, 706036009L, -1961586785L, 2074203884L, 901991871L, 
1121106639L, -1524433374L, 54861402L, 497716795L, -1707538263L, 
1824104835L, -1993412578L, 1403713808L, 1016096916L, -216107898L, 
679966583L, 1274584429L, -872032643L, 666411506L, 1389180717L, 
-401467883L, 1038670404L, 872470115L, 685867888L, 1958945364L, 
42230852L, -740539343L, -2050694053L, 1058587244L, 1372019422L, 
-1486271950L, 1124160793L, 1756626409L, 79534159L, 587383501L, 
1358823028L, 990463331L, 1990444832L, -164322956L, -1762677709L, 
-974451403L, 942941570L, 1720877600L, 2123023658L, 39853288L, 
-61757093L, -1032119130L, -1556141518L, 1231193145L, -488233941L, 
93239866L, -2038034205L, 2067623960L, -505842822L, -1358607335L, 
-1264422247L, 238249216L, 180728323L, 411032011L, 1439671785L, 
-1759427951L, -1391210422L, -1017469055L, -74489895L, -1208309239L, 
1422416630L, 1329609697L, 1839620473L, -771149264L, 1234642417L, 
1564344889L, -260859381L, -1195500534L, -852755005L, -1674038390L, 
-2073657406L, -1632089232L, 625426748L, 2136661188L, 1060326875L, 
-804513480L, -1903773191L, 1105500359L, -863759987L, -381147283L, 
135764286L, 1123441273L, 2123024833L, 1004741648L, -409223743L, 
-282990007L, 1165825545L, -1470765503L, -1891523844L, 2048172680L, 
1030357700L, 2137703197L, 1787291150L, 939988066L, -1810655966L, 
806825096L, -451882325L, 360494558L, 270023070L, -894754017L, 
-490149035L, -474642047L, -1160253226L, 1042656947L, -1506808015L, 
1276929196L, -1243136871L, 1920688935L, -117971404L, -1330257210L, 
-1791613874L, -1081556452L, -92678166L, 1969387174L, 1608793512L, 
1324176692L, -901692588L, 762565819L, -2105990029L, 38870725L, 
1829371873L, 923405580L, 181849868L, 525987892L, 1629467644L, 
1401642991L, -2062499646L, 1140576306L, -1477655137L, 240245235L, 
1332732354L, 38004487L, -1278435133L, -383994760L, 1459202508L, 
670471266L, 1129328500L, -827353341L, -1658770830L, 229922055L, 
881661227L, -2015883442L, -1879546379L, -908245501L, 2018073033L, 
-1645468939L, 1604345532L, 2017264844L, -204017494L, 677512152L, 
615872732L, -879531029L, 543009227L, -2100466314L, 796535917L, 
64238142L, 1860901468L, 1198561618L, 1797848956L, -1963521542L, 
64442496L, -1484291363L, -632614047L, -1638704752L, -664011195L, 
1835866316L, 1545453401L, -1950667042L, -1302877399L, 2084732920L, 
1256379046L, -2076009622L, -1110081672L, -2036113790L, -723163857L, 
-149530043L, -673286774L, 478197956L, 1577067712L, 1064815003L, 
-602211448L, 17274122L, -2011400561L, 952567619L, 923462893L, 
1665410117L, 1641708462L, -874905702L, -1338272835L, 1430598192L, 
-1492589092L, -1809116522L, -1921820968L, -258694527L, 1154612336L, 
-409386602L, -784338786L, 1987250963L, -1075157059L, 1821530483L, 
-1059667608L, -559267399L, 1821290400L, 2007340823L, 1676461860L, 
-1727238677L, 619589543L, 2020330230L, 1112878240L, 875486360L, 
-1897097782L, 2006650629L, -1210913229L, 287143333L, 550538885L, 
527194373L, 1492311557L, 1055564257L, 1078933693L, -248557284L, 
759828162L, 1704139857L, -1081300906L, 23106963L, 141513152L, 
-506140498L, 463071351L, -2143323110L, -1380053622L, 580598235L, 
-1855433370L, 804741552L, 1478180164L, 281541109L, 106626054L, 
-1916861537L, 669783064L, 1996145138L, -652519884L, 1169863070L, 
1131916200L, -829403869L, 1993278667L, 698839468L, 1951803500L, 
-1693101494L, 1385477997L, 1910456899L, 460769737L, -2011901681L, 
-959428418L, -950803502L, 1358401984L, -274212260L, 700148379L, 
-705308611L, -1071381371L, 464962654L, -602150910L, 826087589L, 
-2080718998L, -1457231636L, 1794371824L, 1672628730L, -1815623120L, 
766723816L, -397958975L, -342615814L, -1208906561L, -1399928422L, 
1011544007L, -1314228367L, 300160225L, -1075447876L, -104978722L, 
-577558361L, -362877416L, -672672097L, 1110231227L, -1788221353L, 
-1913982703L, -2015151762L, 47265476L, 1937741378L, -947077383L, 
-1231353616L, 1395186245L, -1059401409L, 26114506L, -1070355372L, 
-431861400L, 2128817652L, 1078664383L, 565555039L, -434062252L, 
685782792L, 2121631955L, 1717529458L, 1918961045L, -569968409L, 
537526397L, 293712708L, 1898042869L, -1494535609L, -1685455605L, 
-352738821L, 404949744L, -179146315L, -1617742998L, -24953799L, 
-978355580L, 1367468886L, -1713112985L, -922134595L, -1027533526L, 
-265828539L, -1546997615L, 342628227L, -173758344L, -1944102091L, 
850419268L, 51412952L, -1579053981L, 944547628L, -1337988908L, 
-2051589585L, -1604141427L, -1825726073L, 36376308L, 1974666736L, 
-884775540L, -1888054954L, 1397761377L, 687053569L, 800452771L, 
1925769487L, 740222295L, 1369628378L, -2036055954L, -1112960252L, 
1557642282L, -566255175L, -1599237738L, -2104615419L, -1041643490L, 
